286937
326899
367941
413867
212837
278690
362753
326408
335002
374752
370569
361723
260744
307072
267388
338606
16495
356451
288739
251480
392518
76342
162957
385189
242853
234110
238969
286008
299621
380683
255640
328556
346046
350128
258619
132969
21451
305817
327794
284973
2292198
245872
226250
409144
392421
181092
69557
334531
234430
290219
270366
303658
305340
261824
321388
338390
334272
319996
293761
105908
352029
304664
315042
373803
274850
361913
391690
370712
335334
275633
394674
255942
342195
370511
120903
31951
106096
122380
341292
306901
252419
403064
79937
353581
337512
268277
274740
264943
246550
79165
224661
406039
31098
239111
354447
248274
229378
306976
71593
369017
253649
308417
204330
270973
252856
305634
401960
331721
289949
292803
354571
323835
334410
310731
332860
91738
307684
131655
278762
310718
10723
349869
32377
29274
367815
284763
239673
276238
327255
381453
354840
239993
288457
357135
348611
269390
396200
360070
305902
344657
332446
233709
290954
292553
67381
150205
147253
321256
244965
236782
358024
245170
314910
296089
252826
368067
71513
317076
340724
310741
363931
346077
22252
309777
368482
315830
330646
260827
317449
198313
345846
346432
268637
341886
291162
331007
61596
68146
343865
21382
330221
299576
35783
333663
296401
46809
277295
317463
329889
255156
37072
370070
30364
284452
92414
278183
261638
267666
280002
293573
303801
243219
345058
272206
225171
311336
242803
258998
370652
387622
329620
307637
328614
336867
265948
310383
339833
29871
355758
214082
291533
353879
360654
358299
263778
358062
383242
349278
379744
348080
344141
18800
17227
265948
319572
281825
264361
214655
322221
202280
340825
321113
220211
307058
296920
274869
314519
262509
230393
257750
274659
294258
284138
338968
311631
348352
312490
314900
332497
322218
212369
302633
303513
354835
281018
278325
312078
309440
214361
352339
180355
26426
215973
379003
357127
363088
180817
228209
351386
375615
365213
285123
404027
39671
288477
297352
323320
277907
316548
340716
397838
56292
378725
19682
225944
281613
317301
223473
320947
285979
15824
337040
299198
261495
281200
364708
271605
285750
355133
321028
324171
340847
270232
319556
331137
369554
288442
305082
300343
335315
332248
317884
306200
312266
303084
305566
261060
22686
323281
388844
19268
291261
345062
273085
15594
279615
367508
349236
275769
340292
167883
322203
159357
265402
292415
247933
145428
84811
140812
310631
277721
264533
187399
314700
243979
248249
300188
325523
330386
12435
342395
402559
547291
334550
333769
398587
217940
351103
334211
260278
260838
207863
215639
349300
288593
257591
321046
269663
218221
128053
408371
169886
198953
391399
73951
363189
28235
214148
333857
19529
307086
215238
317852
335153
18936
313775
220949
134165
223542
229401
267286
200131
318621
146853
331667
315794
224731
381584
361930
353859
287170
278634
316855
286635
328497
262350
279144
330926
292289
258341
322957
310734
99596
246273
327593
311766
300983
294351
216513
309397
328452
92096
294360
297306
46824
119524
59804
49564
326159
274610
209773
299090
83776
287261
221116
57745
265389
42539
335167
327091
361145
232360
334555
325008
305673
238927
301547
316515
381046
295939
402738
333808
315113
258762
156478
216389
348573
119573
219462
291243
16870
281396
214467
259248
303914
355696
289369
237661
327220
277129
324500
313471
365875
17828
207120
212447
342711
229594
16633
304138
65119
307784
377717
181168
283237
372223
221688
334749
316459
291883
426314
381174
339942
337593
325889
269045
242153
242146
363358
391154
329801
306421
370858
316344
393042
59322
285083
107453
292407
307717
345856
417423
248140
66845
237863
309732
186791
30040
253732
61476
130323
400601
288348
17391
365291
377600
166005
226439
368027
285941
272888
326748
327758
197846
321755
225019
322543
345271
311366
222513
275710
359107
280478
237542
298294
352628
273432
357826
306908
287851
379045
355334
373510
273394
346823
364494
339525
21336
308812
353702
276902
343091
352806
247097
246618
324954
281815
318136
55328
332847
322633
345409
18056
28002
136581
335160
198247
338511
147614
308622
220105
47655
329802
325381
366433
138331
319616
281046
158470
260203
340671
283815
333286
73868
305628
307424
283531
323586
378198
326055
282529
307202
353438
307094
254934
250905
273443
195902
192664
246771
162251
347175
66124
283394
296475
305608
138165
275891
284654
306392
288108
282053
361151
307925
209829
200738
340173
350950
325462
266689
251477
299645
435984
230649
429633
293529
255436
371204
334495
306626
219230
301988
91839
39213
257679
271480
345422
316299
291840
297599
402324
345183
352150
36220
48958
357532
193965
299432
262258
219133
338827
227627
290572
200054
316407
326276
322539
152032
60760
285410
26182
196954
324799
289015
236687
284612
18121
198855
326790
339232
355679
210601
221118
249744
16782
359369
360845
18511
313790
73324
279496
295117
326485
247211
177583
385169
274641
300374
306369
357520
340319
306356
322665
293694
291939
310638
323395
254147
309893
226715
339478
92553
251538
349393
205433
347812
372729
362777
287018
47966
293672
301692
379784
303050
109773
379392
161058
260404
73015
319687
315297
330725
68111
21830
100493
339465
412946
71749
217049
225583
227728
349623
220581
235176
315644
304630
287771
285530
241553
306928
298074
267629
262417
313899
100792
506087
477852
354662
346113
250063
158171
137142
312457
237268
77485
305441
257204
310245
321442
250935
340731
228471
335336
478512
458715
22583
278940
227378
299986
205869
83867
119429
293525
402779
184590
289056
297644
364341
242258
328255
356901
347372
295458
338195
335094
288857
300349
344556
310590
283639
321769
307892
340275
324122
43275
429282
291861
170311
332871
328641
226875
298572
368471
404382
308509
234683
309507
264497
107522
293386
329680
402769
245689
287022
298421
120368
65406
206057
247442
160023
273928
241430
186487
263029
186288
285056
336879
279677
282872
214744
260913
316477
268849
272660
219092
368229
214551
215115
250787
402724
303676
314511
339357
239672
329972
266707
319570
355162
325288
229146
253711
352987
302759
297522
341838
292034
357718
127908
366851
220794
246197
246561
452981
21096
309971
294335
292323
317648
244428
353005
271302
295607
271881
298998
193526
341702
368973
249190
265373
323090
238977
310229
316965
44213
347542
326940
380620
338085
362777
297971
313378
260778
376133
343940
14560
347083
139326
269628
267473
317804
216584
89947
246456
205655
318405
191458
16442
353933
254271
143635
145387
201944
224938
347651
392726
73328
243466
1938721
193124
285863
306114
11913
331258
310281
330390
288544
337501
268202
309038
231205
337060
363383
318598
131284
308193
327167
447176
274446
315725
268736
323735
229214
295115
215611
345293
327935
360160
59783
230718
56372
50248
313130
306350
54510
71443
338148
296312
311073
61408
318867
390917
301189
215782
196715
198177
340130
288195
360216
334326
249910
244468
337108
355212
217786
270508
258093
28617
325714
337788
330032
356688
43492
310558
167456
98340
337143
217099
315205
322690
292269
266388
299198
320483
337297
345443
367869
283284
336109
361577
351509
284912
234526
287339
323685
291497
300488
324377
106160
922974
310811
1007903
64766
870795
1707722
558880
1866456
379526
709894
392973
399033
995395
316755
345719
330229
325279
183772
223947
243137
312996
327585
388076
406066
247765
31552
304690
227231
314510
407086
226720
324007
338586
396014
1852557
395302
319823
368242
268785
154583
347814
149544
248616
289533
251376
127850
285126
182132
248045
294266
77642
228195
192286
334978
23705
190247
262589
225583
142470
335627
311981
331581
319464
366575
311032
360888
354801
337273
238561
316860
265573
306347
300897
218838
193610
115800
59476
11869
340370
321441
230926
288723
315007
306441
279478
329111
379126
304183
403552
333450
351099
316383
261316
331742
273925
326741
231073
325329
282751
197110
184909
324182
154281
309933
68674
61998
288548
150947
358185
310133
306213
268947
361041
383295
272382
276109
557246
225713
283433
61279
196578
251337
326040
348387
71777
317588
225202
347629
300906
283640
349463
273544
354794
328302
343912
331725
399906
269777
17275
354040
234812
336834
307801
235293
305485
265577
271262
227278
54445
66198
270128
334171
275368
201265
229333
282273
316346
156965
210499
118630
306776
337098
236801
326565
236909
291498
403145
318216
291222
387141
411546
71174
243997
257628
216296
224651
239078
55283
310126
373327
255310
299417
350302
209492
313825
330199
277314
307199
332605
283541
292479
355048
327985
181075
325153
340625
341921
328104
36872
299144
286561
246719
339718
281903
242233
268368
273481
336713
336897
193677
381092
273142
205417
165368
331100
295384
253537
213093
350742
341380
144492
363205
276096
36964
306339
203502
306318
368434
325394
289086
373716
320288
365415
331231
298799
378627
326422
355950
350727
319186
310858
238323
337452
107783
268054
371322
236105
387675
241452
610391
356760
602106
428693
338656
31943
33385
364720
12331
290800
344983
245694
61521
31365
187016
197614
330562
337006
312440
382325
323862
21911
311298
139378
343911
317556
191509
357087
267280
305105
326548
299108
367214
367097
405324
347371
339094
287738
320618
337606
28625
284799
212714
239433
218282
326540
183092
304450
360885
320939
245301
294935
291264
260975
393555
345444
303291
316472
332058
307189
402864
203996
337331
77337
298883
372846
363050
9133
69044
290161
321494
278084
349322
308656
328637
170626
356684
375014
357374
311259
328364
303774
276323
297112
368349
79583
16513
272304
318783
54140
225326
301267
335697
441431
422147
390082
147749
252933
346928
242218
197856
200093
318704
289344
342759
34376
338871
253648
297828
332438
295001
293070
248789
156923
317865
434609
555131
324856
332295
292228
302884
14390
342963
42742
346635
295374
313713
264216
290574
284486
269539
339869
320023
325772
347319
300381
372028
378616
332247
296707
264638
360649
244275
312753
19035
341607
68625
304939
285238
276135
243874
101985
282342
340752
536668
344526
162624
163638
42821
101198
69590
52109
242961
299242
6628
210366
291233
273551
292331
192963
148658
256425
371732
232687
348681
287365
293037
311131
301769
262484
349265
306437
327405
278984
352677
342107
322921
315913
286473
213379
292728
120929
301266
327897
243487
318571
235362
329801
348890
385214
195333
310040
336286
430931
221901
216497
204294
271523
217640
329559
256560
212451
210214
304408
16934
42032
115428
111517
238688
285307
243362
312959
81666
85142
333393
256935
285807
346981
298450
329847
307729
295330
382820
304722
270699
281107
320716
301611
334175
326045
277927
406649
317605
298673
322910
401058
369800
300316
264327
38728
202887
91449
315838
54316
335872
417147
235957
349977
283698
315527
247535
145789
220977
149764
353087
199736
315189
274299
199269
237508
218014
201493
314908
250825
228880
220332
414677
277498
345757
284848
312892
329273
410524
321154
372218
375856
322929
335808
196740
293702
305862
288390
16022
197988
265690
307369
214643
351957
205797
20271
296366
339392
267020
340002
187195
196053
349520
343437
246433
371762
194400
309685
289306
34154
143030
284342
22897
