0.10
46.67
71.33
232.49
50.78
71.73
69.74
47.40
47.15
52.33
50.53
8.87
244.50
50.78
48.17
48.17
46.91
46.15
47.67
47.15
74.47
50.30
197.96
51.85
47.15
94.76
51.30
48.19
46.63
69.54
247.18
53.37
48.42
47.15
94.74
47.15
51.03
79.86
3.55
251.79
98.96
46.11
47.15
47.12
94.79
64.78
256.19
53.89
49.74
46.35
93.78
47.40
47.67
79.33
272.40
57.44
51.56
55.33
53.37
55.03
52.88
49.22
75.00
282.29
56.02
98.44
48.47
48.69
46.15
47.62
84.25
274.23
51.56
46.91
47.62
91.67
51.56
46.88
73.43
273.10
51.31
95.29
47.40
47.94
47.89
46.60
6.03
90.48
240.25
84.77
92.15
54.45
47.15
53.97
52.08
47.40
86.44
248.48
72.08
50.52
47.94
46.63
48.40
46.88
66.84
89.20
303.26
32.47
66.67
45.88
45.88
47.92
47.62
47.15
93.69
172.99
134.69
50.26
95.24
45.64
48.69
47.45
46.91
77.44
292.35
50.78
52.08
49.74
95.81
45.64
47.40
73.94
296.41
50.78
47.18
47.37
48.17
49.23
37.44
62.18
60.47
323.76
51.31
46.88
94.27
47.67
47.64
46.60
95.50
44.72
265.64
49.74
47.92
45.36
48.42
47.67
48.40
101.07
142.61
175.13
52.60
52.31
51.31
47.64
48.42
94.30
58.52
362.87
50.26
50.26
91.67
47.12
46.67
53.65
92.86
313.78
69.27
44.56
103.12
48.97
55.26
53.89
77.02
292.27
59.39
54.92
54.74
51.81
47.92
47.92
47.40
47.40
71.94
327.18
51.83
51.83
91.71
47.42
56.02
57.07
76.43
224.46
125.13
60.42
54.92
53.40
54.69
60.73
50.26
47.40
65.41
384.88
54.92
54.92
53.65
52.33
46.91
51.30
74.50
384.75
55.50
54.40
48.19
55.50
49.23
49.48
52.88
77.40
407.51
60.94
55.15
46.35
46.91
47.67
47.62
47.89
88.79
83.61
365.10
46.91
46.63
46.91
45.55
45.64
73.53
383.87
56.48
52.60
52.38
53.16
53.12
53.97
112.30
273.48
177.78
52.58
6.03
47.18
46.63
94.71
46.11
47.64
74.83
56.55
371.13
51.03
47.92
46.63
48.15
47.92
81.58
30.63
368.37
52.11
48.17
93.75
47.42
46.91
46.39
75.00
40.17
31.64
372.82
51.03
47.37
56.08
84.02
46.91
66.22
7.41
449.08
51.03
46.94
47.87
47.15
95.81
45.88
71.43
60.12
50.52
46.63
45.36
47.89
93.78
59.76
6.03
9.00
380.41
51.03
47.64
45.83
54.97
86.08
47.64
66.88
64.47
393.16
50.78
46.67
46.88
46.88
47.12
101.06
0.99
64.84
343.30
52.36
47.40
86.39
56.25
47.64
46.91
69.43
64.05
333.51
55.84
51.56
47.67
46.63
47.40
46.88
60.85
69.72
87.93
394.85
51.56
48.42
47.12
94.82
47.37
65.62
69.18
406.35
51.56
95.29
47.92
47.67
46.11
88.33
84.30
401.56
31.44
66.32
46.39
48.94
85.34
70.69
89.26
401.03
50.52
6.00
9.09
44.16
46.88
47.64
47.92
95.16
10.28
89.38
402.05
51.56
47.92
47.37
94.27
47.12
70.47
105.22
412.57
50.52
95.29
47.15
47.67
47.89
47.64
56.84
115.98
49.74
52.63
46.63
95.81
47.15
46.84
60.22
125.77
52.08
47.40
46.88
93.78
47.40
46.60
59.56
131.44
51.03
47.37
46.88
95.81
49.73
47.42
59.12
137.11
99.48
45.60
47.15
48.19
47.89
47.12
61.45
142.13
51.30
47.92
46.84
98.96
6.09
45.36
46.35
59.78
147.67
99.48
45.13
51.56
48.42
93.78
60.89
44.44
107.11
51.56
47.18
94.21
47.18
47.40
47.09
150.51
52.08
47.67
46.63
47.12
48.95
47.64
53.93
55.23
155.90
51.55
46.88
47.12
46.35
47.92
95.29
59.32
27.96
130.81
51.30
48.42
47.37
103.66
46.91
47.40
63.91
163.40
51.56
47.92
47.12
48.15
95.31
47.40
65.68
167.71
52.11
47.92
92.75
47.92
6.03
9.00
46.32
47.15
65.27
167.86
52.11
47.92
46.63
46.88
48.42
93.75
65.24
176.32
52.36
48.94
93.23
47.42
47.64
48.15
61.08
175.90
51.55
47.92
47.37
95.81
46.91
46.63
66.46
177.95
51.03
99.47
45.64
48.69
47.40
69.89
40.49
180.71
51.03
46.94
47.87
93.26
47.67
47.89
67.08
189.53
52.63
94.79
47.15
47.12
77.08
82.94
92.86
101.53
51.30
47.92
46.07
95.81
47.15
46.35
68.15
193.75
10.10
55.26
85.94
45.88
47.92
47.15
46.63
70.78
196.37
51.30
96.81
46.91
47.67
48.15
80.42
30.57
195.92
50.52
47.18
46.63
46.60
47.62
47.64
46.91
68.83
204.69
51.03
48.19
47.12
48.15
95.31
47.64
68.59
41.71
161.11
51.55
47.67
46.88
48.15
95.81
46.91
70.95
210.94
50.77
47.67
46.07
75.00
66.32
47.64
68.87
214.14
51.03
47.42
46.56
46.60
95.29
46.67
73.79
217.80
54.10
48.42
94.21
48.42
47.64
47.64
72.79
5.53
9.00
218.23
51.03
49.20
56.99
83.42
47.40
47.15
72.30
229.95
47.42
48.13
45.92
84.29
58.64
63.03
220.30
98.45
46.63
47.64
47.37
95.29
62.80
221.21
20.10
79.17
46.39
51.56
48.17
47.67
108.38
227.69
51.30
48.68
74.35
67.88
47.40
47.64
75.91
237.17
51.56
47.92
46.15
47.15
47.67
47.40
47.09
78.52
237.50
46.63
46.32
47.40
95.31
46.39
65.61
238.97
52.36
94.79
46.11
47.67
47.89
5.97
45.79
81.34
243.75
51.30
47.92
46.39
46.35
48.68
84.38
72.62
243.37
51.30
48.95
95.77
47.18
47.40
47.09
81.75
247.42
49.74
47.92
46.63
47.64
47.12
94.79
59.76
248.47
51.56
73.02
73.71
47.12
47.64
100.53
252.82
51.30
47.92
47.64
95.81
45.88
47.89
84.80
262.11
51.56
47.67
47.09
96.83
46.67
47.40
76.12
280.56
50.51
47.92
47.12
47.40
68.95
74.48
66.01
263.40
54.40
48.44
47.62
47.40
95.31
6.03
45.64
3.62
262.76
51.03
47.67
47.37
85.42
55.15
46.35
66.45
265.31
50.79
55.79
86.60
47.15
47.89
47.40
77.27
125.42
154.31
52.38
94.79
47.40
47.40
47.89
47.40
85.47
274.61
51.56
47.92
46.63
52.11
48.68
94.82
62.35
272.31
50.77
48.17
46.63
95.81
47.64
47.89
87.93
204.71
75.13
99.48
46.63
46.91
48.17
76.32
80.46
277.95
49.74
48.42
71.05
71.13
47.89
47.89
82.26
254.60
53.27
98.96
46.91
47.64
48.17
5.97
44.90
51.83
78.12
102.37
192.39
50.26
48.42
93.23
46.88
47.40
47.89
84.17
265.92
42.42
52.66
94.30
47.15
48.42
45.88
69.52
61.54
286.73
98.43
46.39
46.11
48.68
64.06
85.03
301.60
84.90
65.28
46.11
47.67
45.88
47.64
74.26
293.33
98.96
46.15
46.35
48.17
94.74
60.59
298.96
51.30
47.94
45.60
46.60
47.67
94.24
62.96
299.48
51.56
47.18
46.11
47.40
81.05
64.43
67.11
300.51
51.30
47.92
47.62
95.81
45.88
6.03
9.05
7.54
46.15
73.38
304.64
50.77
48.68
46.88
89.89
54.69
46.67
69.93
305.13
50.77
48.68
47.12
94.82
47.64
48.40
89.38
47.70
264.29
51.56
47.12
47.64
95.81
46.63
47.40
75.94
309.18
51.04
48.42
92.75
47.92
46.35
48.40
88.70
132.93
197.45
51.03
48.42
47.37
95.81
46.91
46.88
77.86
68.92
262.76
50.52
48.42
93.78
47.40
47.15
47.15
74.26
314.21
50.77
47.67
47.87
98.43
46.39
47.40
75.56
319.49
51.03
46.88
46.32
95.81
45.88
47.40
78.91
323.20
50.26
6.00
9.05
45.13
46.63
47.40
48.68
95.24
56.11
118.18
311.03
334.36
49.74
46.39
47.64
73.80
72.11
55.32
95.31
19.39
51.05
93.75
47.15
47.40
47.09
107.61
122.45
50.26
47.92
47.37
95.79
45.88
51.03
56.83
132.29
13.92
84.97
46.35
47.89
93.26
47.40
61.33
138.22
49.74
94.27
47.40
47.92
45.88
46.84
57.38
145.83
51.03
47.42
47.89
47.64
94.27
47.40
64.16
149.47
99.48
46.63
46.88
48.17
46.11
82.89
25.70
148.22
10.05
44.62
47.42
47.12
47.64
94.76
46.91
62.71
152.85
97.93
46.63
51.56
47.62
94.30
60.82
158.64
51.05
49.47
94.15
47.92
46.91
47.40
64.33
161.78
82.72
60.82
47.40
48.17
47.40
47.89
62.79
164.43
51.03
46.39
47.12
48.17
94.21
46.35
66.47
166.67
51.58
95.79
46.67
53.19
93.68
59.77
178.80
50.52
94.18
47.15
47.42
47.64
97.85
10.59
168.18
50.78
6.03
9.05
6.53
45.41
46.63
47.64
48.42
94.30
65.00
173.60
51.56
48.40
94.27
47.94
47.40
47.64
67.08
175.90
97.38
46.63
46.43
48.68
94.24
64.81
182.38
52.11
69.79
70.98
48.42
47.64
46.63
68.52
185.49
105.70
46.39
46.84
95.31
47.40
66.46
191.10
51.83
48.17
94.27
47.67
47.89
46.35
71.97
194.76
50.78
48.17
94.21
47.67
48.15
47.64
66.67
195.88
41.24
56.70
46.88
47.89
95.31
46.88
69.23
200.52
50.26
51.56
46.88
45.88
47.92
6.03
14.43
93.19
60.69
197.45
40.72
56.41
46.35
47.40
47.92
46.88
47.64
71.90
202.58
47.92
46.63
47.89
48.17
95.24
57.78
206.67
52.94
48.17
94.76
47.67
46.91
47.89
72.85
212.50
51.31
94.74
46.67
48.44
46.84
107.91
214.43
97.92
46.11
45.88
47.37
94.79
70.06
113.74
108.67
50.26
46.88
46.63
46.60
96.32
46.91
70.07
171.28
53.03
51.30
47.42
46.60
47.12
48.17
85.94
70.22
5.96
219.39
51.04
47.92
94.76
47.18
46.88
46.91
75.00
229.32
51.56
47.67
5.50
9.00
9.00
45.88
47.09
95.31
47.64
65.87
222.22
51.83
48.42
69.11
73.20
47.64
45.64
70.63
91.85
144.10
98.96
46.15
47.40
47.67
47.89
75.52
35.51
234.02
50.52
48.95
81.68
60.94
45.88
46.35
52.11
59.89
114.87
49.22
47.40
91.71
47.67
47.92
46.60
55.32
124.87
51.83
45.92
47.62
96.30
47.42
46.11
60.11
131.77
51.03
47.64
46.07
95.81
47.89
45.64
58.33
139.47
51.30
47.92
46.63
47.40
54.26
91.05
61.67
144.27
52.91
93.75
47.40
47.67
46.35
5.50
44.16
58.19
148.96
51.30
47.18
46.35
47.64
48.17
94.24
67.23
153.12
51.30
93.75
46.91
47.42
47.64
47.89
56.82
150.51
51.30
47.67
47.12
96.32
47.15
47.40
64.16
157.81
51.04
47.92
46.39
46.35
48.17
47.89
98.40
5.65
156.57
51.30
49.20
68.56
72.77
47.64
47.15
65.29
166.67
98.96
46.88
45.88
48.42
65.79
94.74
173.80
51.83
95.79
6.00
8.96
45.64
47.12
47.37
48.15
64.88
171.20
50.79
47.92
46.11
46.60
47.18
47.40
47.12
63.03
171.43
100.53
46.63
45.88
47.37
95.79
65.90
184.32
51.56
47.89
93.72
46.91
46.60
47.59
64.02
178.35
50.52
47.67
46.39
47.09
47.40
94.79
66.46
188.24
51.04
48.17
95.24
47.18
46.39
48.40
65.22
186.98
47.92
46.88
46.60
93.30
46.63
70.70
191.58
50.79
95.26
47.15
47.67
47.40
46.88
67.31
193.26
55.21
47.37
94.27
46.39
46.11
47.64
69.62
5.50
8.04
194.82
50.52
95.29
46.88
46.15
46.60
46.84
67.53
197.42
97.93
46.11
47.15
47.67
46.60
47.12
72.37
202.08
51.04
47.67
45.88
47.64
47.64
46.35
47.40
68.42
204.12
50.26
54.40
87.89
51.55
47.40
46.91
75.84
24.35
179.70
51.03
47.67
45.60
46.39
47.18
46.60
48.15
69.59
211.40
51.83
62.69
77.37
46.91
45.88
47.40
71.34
90.61
125.25
49.74
46.91
46.88
47.64
47.64
94.74
60.69
215.23
102.59
46.39
47.89
47.40
93.72
66.67
216.41
72.68
70.68
47.15
5.97
9.05
8.04
45.60
47.15
109.44
223.71
98.43
45.36
47.89
47.92
46.60
109.44
371.95
49.74
47.92
47.40
47.15
47.40
88.83
65.41
113.78
50.79
73.96
68.06
47.15
47.15
47.89
58.06
123.71
51.04
51.30
46.60
48.42
96.32
46.88
59.89
130.73
51.31
46.88
45.13
47.37
87.37
53.89
60.11
138.54
51.31
96.30
45.88
48.42
47.64
108.74
105.95
40.40
52.38
94.76
47.40
46.63
46.84
85.19
21.11
145.69
49.73
94.27
50.78
46.60
106.95
0.56
146.46
51.04
93.75
45.88
6.06
92.15
46.60
61.14
154.45
52.11
94.79
47.67
47.15
47.37
116.00
85.26
52.11
47.37
72.40
67.88
46.39
47.12
58.38
162.30
49.49
46.91
48.09
76.44
64.77
47.15
68.32
163.02
49.74
47.15
47.12
77.89
63.54
47.67
62.72
165.98
50.52
47.42
51.30
47.64
47.64
94.18
65.66
167.88
51.04
94.24
46.39
48.42
46.35
48.69
61.68
171.28
49.74
46.39
48.17
50.53
94.74
47.12
6.00
9.05
65.85
177.08
97.92
46.39
46.63
47.64
85.86
69.59
47.31
129.15
50.78
48.42
45.60
89.53
21.03
76.17
68.75
183.33
51.31
94.21
46.91
47.67
47.89
47.89
66.88
186.53
98.95
46.60
50.52
46.63
47.89
47.09
68.99
184.18
46.63
46.39
48.42
83.60
74.57
187.37
50.52
47.37
46.63
95.26
45.88
47.12
69.62
203.78
51.83
46.91
5.53
9.14
93.72
46.88
46.43
48.68
67.10
198.45
51.83
92.75
46.88
46.39
46.84
47.89
72.37
198.97
50.52
50.83
94.76
46.63
45.64
46.88
68.21
207.33
50.26
48.42
46.07
94.76
46.91
46.88
73.47
205.70
50.78
47.62
46.60
96.32
46.67
46.84
70.75
210.88
50.26
48.17
94.27
47.42
47.12
47.37
74.83
216.23
51.56
48.42
94.24
47.15
47.40
46.84
71.23
218.13
98.94
92.63
55.73
51.83
48.42
84.00
230.77
115.26
51.81
52.31
48.44
47.62
46.35
72.59
232.12
50.26
47.92
45.83
96.83
45.64
47.64
83.09
239.90
56.25
54.17
53.97
54.21
53.16
54.21
22.39
248.44
56.02
53.12
52.13
48.17
95.81
48.97
76.03
74.40
180.81
103.66
48.21
47.15
46.60
48.21
47.34
83.33
254.40
51.56
47.67
48.94
48.44
46.88
56.02
52.31
69.03
259.79
52.06
49.74
52.08
73.16
77.08
46.11
60.36
273.82
52.33
48.45
48.42
49.74
48.19
48.19
49.47
93.10
282.35
53.93
72.63
22.84
92.15
45.08
269.39
95.34
44.85
45.55
93.62
45.36
65.68
79.49
181.15
257.14
54.40
46.35
46.07
84.13
17.44
106.99
114.14
49.48
45.83
45.08
45.79
47.12
46.07
110.33
126.67
56.02
51.56
55.79
52.36
66.32
61.34
50.26
66.11
145.60
57.07
94.76
46.67
48.42
63.54
63.16
65.00
156.12
50.26
49.21
48.70
61.78
65.61
52.85
46.32
63.47
173.82
59.47
57.29
52.06
53.93
56.32
55.67
57.81
71.52
174.87
93.68
53.12
56.99
59.90
54.74
124.58
180.10
50.77
48.17
53.68
55.21
57.51
51.04
53.40
80.25
191.33
59.69
40.41
16.15
49.21
70.10
84.13
50.78
56.19
60.66
125.39
51.81
46.94
47.62
48.15
96.32
47.15
79.33
106.25
35.53
53.19
54.69
55.61
48.42
91.01
51.30
61.02
149.73
57.37
52.85
56.32
73.16
39.58
85.34
24.35
76.33
172.92
60.31
58.12
59.16
60.10
62.83
60.42
55.26
77.16
189.36
56.84
47.15
52.08
52.60
57.07
49.48
55.50
76.13
187.89
51.03
47.92
48.44
59.26
59.36
51.03
47.87
69.54
184.62
52.08
47.92
93.72
46.63
47.40
48.15
86.99
274.14
5.08
51.56
82.90
51.55
45.08
45.26
45.26
56.32
105.10
47.94
45.08
44.50
90.58
49.48
45.08
57.67
118.75
48.72
90.05
44.56
45.55
44.79
103.78
122.80
47.74
46.56
91.49
44.85
50.53
54.97
65.03
143.39
63.16
61.46
50.78
50.79
66.84
63.68
56.48
66.67
160.96
59.90
58.33
50.26
62.83
53.97
114.06
78.44
173.71
111.58
61.98
28.65
79.17
59.69
78.41
192.67
60.94
119.05
47.94
58.76
53.68
53.37
81.25
196.92
62.30
58.33
105.82
66.84
54.40
50.52
66.27
201.03
54.64
95.29
46.91
48.17
52.63
53.16
88.28
214.58
64.40
58.33
50.26
52.33
55.50
48.19
50.26
93.98
91.19
124.24
55.21
55.50
47.42
46.88
47.64
52.63
58.12
81.21
0.57
220.30
104.66
48.44
56.77
61.58
55.73
52.36
87.05
235.57
14.51
43.01
59.59
52.08
95.31
50.78
75.68
430.43
55.21
51.04
48.19
47.67
53.72
61.34
54.50
64.17
140.11
59.38
53.81
77.66
68.39
47.40
46.35
69.14
149.74
62.30
57.59
52.08
60.85
58.64
59.47
74.46
0.56
162.50
60.21
63.02
54.92
55.67
61.70
52.63
54.97
73.94
173.96
51.01
6.03
45.31
62.63
54.92
58.33
54.97
57.59
64.86
184.54
60.42
102.11
54.64
53.16
63.92
53.95
184.18
115.79
53.12
54.17
59.79
52.88
52.88
72.46
209.33
66.15
59.69
62.11
67.37
58.46
56.08
68.39
91.73
45.21
173.37
58.85
55.67
50.51
53.12
60.94
56.84
57.81
82.80
232.64
62.50
60.73
53.40
56.02
55.73
60.94
60.53
90.41
245.64
60.73
52.58
65.08
55.73
61.90
57.37
57.07
77.19
256.02
61.26
57.59
51.56
53.37
57.37
60.53
60.10
24.21
34.54
71.58
136.84
57.59
56.25
57.89
56.99
49.47
64.74
56.25
70.45
161.17
61.66
63.73
52.63
54.40
55.50
54.69
53.12
81.48
177.78
0.50
64.92
56.25
57.07
54.69
54.17
51.85
51.31
75.93
185.71
58.85
54.17
52.11
66.84
76.56
56.54
75.45
189.23
25.52
72.02
67.36
62.11
57.07
53.68
66.48
197.96
68.75
57.81
54.45
52.36
65.62
59.47
57.98
83.92
210.42
0.51
55.44
56.02
56.54
104.19
52.60
53.97
88.89
222.80
57.29
53.65
52.63
53.37
60.73
54.97
50.79
79.08
232.31
62.30
61.26
56.02
54.64
57.22
51.58
52.33
104.84
242.56
63.02
55.96
58.20
58.64
55.79
60.42
63.30
68.31
359.69
53.44
61.78
56.84
55.90
51.04
57.37
62.30
68.89
135.45
57.73
51.34
53.65
60.10
59.69
68.25
63.43
42.41
105.56
52.85
48.95
57.07
56.54
64.06
53.93
53.12
68.05
173.68
58.12
53.37
56.61
55.73
57.89
58.85
54.17
77.90
178.76
52.55
6.03
45.08
50.53
98.95
50.52
48.42
95.07
182.56
105.24
33.33
90.05
30.53
67.89
54.92
41.49
30.13
193.26
62.30
58.85
57.53
52.08
52.60
51.83
55.79
84.17
205.13
58.95
58.20
64.58
54.97
53.93
64.21
47.37
97.81
223.16
29.53
60.42
22.63
57.89
61.05
57.81
53.40
64.58
101.52
229.59
62.18
54.97
55.21
56.54
56.25
56.02
54.74
80.62
247.40
66.67
54.45
51.56
62.69
97.35
125.14
252.58
18.13
97.41
46.91
5.00
106.81
38.22
13.61
58.12
101.77
67.88
185.93
57.22
55.73
54.97
52.33
52.36
48.44
48.44
87.07
115.89
54.24
51.55
676.72
267.18
13.02
48.69
55.96
53.16
67.37
60.20
69.23
134.18
65.99
53.30
62.50
56.92
68.95
64.02
58.42
72.78
142.02
56.25
52.60
53.68
58.85
54.40
55.56
58.03
70.56
131.12
50.79
49.22
48.97
49.74
52.13
90.53
48.66
30.05
144.56
58.03
61.58
53.65
52.88
49.22
74.21
84.41
20.77
145.31
10.36
49.48
59.16
53.12
57.29
102.11
60.21
54.50
67.76
4.06
130.73
50.52
50.26
60.73
65.43
60.32
54.12
55.79
74.23
26.84
124.24
60.62
58.33
56.77
56.99
102.60
55.26
65.36
37.84
112.12
54.97
56.25
54.45
54.97
26.04
29.23
57.59
55.73
74.85
161.98
59.69
55.50
61.46
57.81
58.64
51.30
51.31
73.49
169.84
56.25
53.37
52.36
48.96
49.48
49.47
49.47
65.32
24.87
132.83
54.97
49.48
48.44
49.21
49.74
103.17
63.43
164.10
58.03
49.48
48.44
53.12
58.95
54.17
52.88
70.66
5.24
165.98
53.12
53.12
56.25
54.08
6.00
47.42
48.17
48.95
67.68
166.84
54.64
48.17
47.12
47.15
52.91
51.32
47.64
69.09
167.71
0.51
63.68
85.42
48.69
46.63
47.15
47.40
67.08
166.49
105.79
51.04
53.61
59.26
47.94
50.26
75.74
139.29
174.11
63.87
64.21
60.21
62.83
14.29
51.05
65.45
64.06
77.78
145.74
68.06
64.74
64.89
49.74
16.06
64.40
62.63
63.73
76.00
144.15
73.30
70.31
60.21
50.78
50.52
47.37
52.88
84.00
140.10
56.19
66.67
51.56
45.64
52.66
54.74
75.13
36.11
144.27
60.21
76.04
40.41
55.50
109.57
46.60
82.35
154.92
59.90
56.61
11.34
59.47
114.81
70.88
161.78
60.42
56.25
55.21
52.63
62.96
58.12
56.02
69.02
167.01
59.38
58.42
57.81
52.11
60.53
57.89
58.73
51.60
12.87
176.96
63.87
57.22
52.88
58.12
56.25
52.11
51.04
74.39
172.16
57.29
101.05
4.66
74.35
82.72
7.29
70.68
45.96
169.70
59.16
53.65
52.63
52.60
52.08
50.78
52.36
86.23
57.69
211.34
55.38
53.93
53.65
54.21
52.36
58.55
50.78
67.93
130.61
64.40
55.50
46.39
57.59
54.97
57.07
55.73
75.98
139.47
62.05
53.93
58.42
55.50
52.33
61.38
60.73
50.79
17.03
159.90
69.27
56.48
62.43
62.18
32.98
27.75
58.85
54.97
72.57
163.30
66.15
54.92
57.59
56.32
55.03
53.61
57.14
77.38
166.67
62.83
54.69
53.37
61.90
61.26
60.10
56.54
64.21
73.03
142.05
68.23
59.07
58.33
58.12
58.12
65.45
64.32
157.65
73.54
63.68
56.99
51.81
53.93
52.85
58.64
80.23
174.61
64.92
54.12
56.61
55.50
65.97
67.71
59.38
79.88
178.46
11.50
97.92
45.88
46.63
49.47
47.62
48.69
66.07
170.16
51.55
47.64
46.60
76.96
71.58
46.88
69.81
115.62
54.59
59.16
48.70
49.22
55.79
55.26
61.05
63.35
87.82
96.81
94.44
63.54
54.97
58.12
59.79
6.03
108.99
47.92
70.78
179.49
51.30
47.12
45.36
47.09
52.33
47.59
47.09
66.26
171.28
51.55
46.88
46.60
46.84
94.24
47.92
65.87
183.78
52.38
93.72
46.63
46.88
47.09
46.84
97.30
312.14
11.62
11.06
17.50
4.02
48.98
48.44
48.68
82.81
58.64
47.92
59.36
85.49
26.40
51.04
47.12
95.26
45.88
46.60
47.62
59.57
116.33
50.78
47.37
92.63
46.39
46.88
46.84
57.22
122.56
51.55
47.62
93.68
46.63
46.63
47.12
58.82
123.83
52.36
53.65
47.12
95.24
46.35
46.39
60.87
128.65
52.08
46.11
46.60
95.24
46.88
46.88
56.45
129.69
52.06
46.63
45.60
47.62
92.75
47.12
60.33
135.98
69.84
75.65
47.09
47.42
47.89
46.60
60.11
135.60
51.83
91.67
53.12
46.88
46.39
6.03
10.05
53.16
59.34
139.58
51.79
46.67
46.88
46.84
47.37
95.29
61.33
133.68
5.56
52.36
46.88
94.71
47.15
46.11
48.17
61.88
142.78
99.47
45.60
46.11
47.62
62.98
141.33
52.63
47.12
92.67
46.39
46.84
75.13
37.57
142.93
52.91
47.37
92.67
47.15
46.35
47.12
62.57
147.15
51.30
46.63
46.35
47.89
47.37
94.27
60.23
151.58
53.16
93.68
45.88
47.89
46.60
111.67
146.43
52.33
48.42
93.68
46.63
46.35
48.40
62.57
153.65
18.23
80.83
5.53
65.61
94.82
47.12
46.39
61.58
153.40
52.38
76.84
64.92
47.67
45.88
47.37
60.45
155.21
98.45
45.36
46.11
47.87
47.12
112.22
153.81
51.81
46.88
45.83
46.35
47.87
47.34
105.98
156.41
51.30
46.11
47.12
46.60
61.38
48.57
156.70
52.33
46.39
46.56
77.25
63.68
46.88
64.53
163.16
52.38
94.74
46.11
47.37
46.84
111.36
158.16
51.30
47.92
47.62
93.75
46.63
48.42
64.33
163.40
94.76
50.26
52.60
47.37
46.35
6.03
91.01
17.14
165.10
45.36
46.60
47.12
46.60
81.38
24.86
165.98
5.24
95.29
51.81
47.34
88.02
54.45
65.29
107.29
58.97
53.68
48.68
93.26
47.15
46.60
48.68
65.48
168.72
97.93
47.37
46.35
46.88
94.71
61.40
168.88
52.08
47.15
46.32
46.35
94.76
49.74
76.60
225.41
51.55
47.62
98.96
48.70
47.62
47.09
57.37
115.62
51.03
54.64
58.12
58.12
56.32
59.16
81.92
127.92
11.06
10.50
17.91
4.02
3.02
53.09
61.70
53.85
47.92
47.15
23.16
54.97
11.52
51.85
6.57
72.19
19.47
85.79
28.19
31.91
21.28
31.41
21.05
21.05
21.16
20.83
20.83
31.91
52.11
20.94
10.70
21.05
6.09
34.36
18.97
21.99
22.11
21.88
55.56
51.81
51.37
47.42
48.97
11.86
76.74
61.38
87.44
28.65
31.25
47.62
43.37
21.99
10.42
43.15
46.63
57.07
46.19
56.70
90.18
178.72
64.95
47.09
11.29
45.08
49.74
50.26
51.56
0.52
53.40
101.25
162.94
60.10
50.26
46.67
49.22
47.89
51.53
47.15
61.85
174.48
55.21
49.74
58.55
56.32
54.08
48.70
46.35
72.78
57.44
125.38
78.42
52.60
53.37
10.99
51.02
43.98
47.67
53.61
67.57
154.87
27.60
20.94
21.05
21.05
38.42
43.08
47.12
47.40
46.88
47.67
43.52
88.60
11.92
80.36
190.31
5.10
47.45
22.46
42.27
52.85
51.04
6.00
54.21
54.40
57.89
79.43
205.73
54.92
22.11
31.41
20.94
41.75
32.63
21.47
22.65
32.46
21.58
54.79
10.77
21.35
21.47
21.47
32.98
21.58
21.47
51.58
48.96
23.16
21.99
46.43
11.52
44.79
104.55
20.36
291.79
64.58
22.51
42.27
58.95
48.96
49.48
45.13
23.16
22.99
10.66
22.63
34.03
75.00
117.86
47.69
26.94
73.30
13.02
46.94
50.26
56.08
50.52
59.78
126.02
57.81
43.59
10.99
21.35
64.40
10.77
10.77
90.05
58.85
11.40
44.62
11.28
22.63
22.51
22.63
22.75
70.22
95.92
56.25
61.34
21.47
42.78
42.49
50.26
44.85
45.13
24.08
23.16
23.53
63.54
136.08
57.29
11.34
20.83
43.01
10.66
21.47
17.89
44.16
42.56
44.27
22.28
43.52
56.54
63.28
147.40
51.79
45.08
60.62
54.17
60.32
58.64
52.85
65.19
116.84
16.41
53.09
10.53
67.36
10.82
5.56
41.97
59.49
21.99
22.11
21.88
32.98
21.88
22.22
21.76
56.02
58.85
21.65
22.11
21.88
22.11
29.10
26.32
44.44
46.15
55.79
59.57
110.77
18.09
56.70
52.04
44.33
53.65
45.13
56.70
49.48
70.81
142.63
122.22
43.88
43.01
32.80
71.65
11.92
43.52
68.31
147.12
67.55
60.21
52.85
60.53
61.46
62.30
60.32
76.92
165.64
51.58
67.71
61.05
52.08
51.81
47.94
54.45
87.20
178.12
63.87
51.03
58.03
42.56
44.04
62.11
53.12
40.62
21.85
169.04
58.16
48.96
11.46
50.26
55.50
57.29
56.25
53.89
68.48
192.82
74.11
47.67
42.78
10.94
89.06
47.40
68.15
188.60
53.33
11.28
52.11
67.19
52.85
48.19
48.17
23.68
10.71
46.07
76.32
136.13
46.19
52.33
47.12
47.09
98.94
6.50
48.70
49.22
80.79
189.95
54.36
50.52
49.48
56.08
53.40
61.38
61.66
96.99
15.57
247.21
14.29
52.26
65.08
63.87
62.96
55.50
52.60
52.60
69.10
134.92
57.73
52.63
53.40
65.61
60.21
60.73
56.84
75.74
164.17
65.10
55.67
45.31
34.03
22.63
46.88
72.87
48.19
44.56
69.64
154.69
60.62
45.36
11.22
43.23
57.59
49.48
23.16
45.03
51.30
69.09
163.16
63.27
48.70
50.52
95.31
11.86
44.44
54.74
70.91
176.92
19.90
33.50
49.74
49.74
52.58
50.79
51.04
51.31
78.85
184.57
54.92
103.17
50.26
51.30
50.79
50.78
81.88
185.34
54.92
102.13
58.42
58.55
50.79
57.65
80.69
190.05
57.51
52.36
72.11
69.84
44.85
47.12
49.23
43.52
22.67
190.26
60.62
44.33
56.77
34.38
40.41
24.10
55.79
57.67
95.45
111.82
90.83
385.13
432.47
59.90
55.79
23.44
89.53
56.54
66.84
108.95
75.39
57.59
57.22
52.60
61.98
64.74
63.54
125.13
55.73
50.52
50.78
50.53
47.94
52.11
58.25
63.98
125.13
56.77
57.14
50.52
51.04
61.90
66.84
67.53
69.23
131.96
29.47
54.64
68.42
46.46
54.74
49.74
43.08
51.30
76.24
147.06
58.12
52.79
52.08
47.67
52.88
50.26
48.19
69.83
132.29
28.65
42.49
46.39
56.54
47.92
57.67
62.05
14.87
41.75
63.13
129.53
51.03
22.16
66.32
65.10
52.33
65.79
66.33
52.08
65.70
143.23
58.55
56.02
54.55
6.50
48.17
61.26
55.73
56.48
81.25
156.32
64.58
60.21
51.03
51.83
61.38
63.16
60.53
80.12
156.19
67.72
49.48
51.55
54.69
55.44
64.55
82.14
56.54
103.08
64.74
58.76
57.89
51.03
49.21
12.04
56.12
48.69
66.08
149.21
53.93
46.67
46.88
47.64
48.69
48.69
49.47
69.36
147.92
54.74
48.45
46.97
59.47
47.37
46.35
47.62
59.78
148.70
51.83
48.21
47.94
7.77
71.43
69.47
48.96
74.44
164.58
59.28
57.51
57.37
56.77
58.95
58.42
58.95
54.45
5.21
76.67
136.98
62.24
57.81
57.22
55.96
6.00
55.61
11.34
32.63
22.51
59.16
11.52
22.16
55.79
73.45
143.92
50.25
61.05
57.37
10.71
42.78
51.85
63.73
52.82
81.44
44.10
62.69
22.40
21.58
43.52
49.74
7.33
96.88
6.53
6.00
44.67
10.94
22.11
34.92
22.40
23.16
34.95
62.23
69.83
167.36
65.97
61.90
48.70
11.52
34.55
45.45
98.95
50.52
74.05
168.56
60.21
59.59
55.90
51.31
60.94
60.82
23.16
34.39
22.51
43.98
23.81
76.54
167.86
65.96
59.79
63.68
61.58
57.29
48.96
48.96
68.94
175.79
55.73
71.96
52.31
72.34
69.95
56.08
98.09
196.79
56.19
40.31
14.43
59.49
55.21
56.32
11.34
51.56
63.92
78.18
136.70
16.41
11.40
46.46
55.79
56.54
56.32
101.56
58.42
59.90
69.14
129.90
51.78
48.69
55.73
50.26
57.29
54.69
54.69
54.17
80.77
167.01
0.52
54.31
47.18
46.63
49.74
11.70
54.59
50.79
61.90
65.03
130.41
57.29
47.18
11.28
56.02
55.50
62.11
48.19
66.67
49.22
90.57
335.57
18.13
52.58
53.65
10.77
56.77
6.00
49.74
22.51
22.22
34.39
22.63
22.63
22.87
33.51
22.63
22.40
33.51
58.20
46.91
12.57
33.51
23.81
23.04
23.68
43.08
68.78
125.13
59.38
58.46
10.82
56.08
11.92
22.75
22.63
45.03
58.12
58.20
62.37
62.70
147.67
85.64
50.26
60.73
48.97
54.92
57.07
55.73
62.64
127.60
18.13
33.86
61.38
0.52
54.04
47.67
50.26
47.94
53.65
58.12
70.49
138.95
56.92
52.06
50.52
73.40
52.08
6.67
98.95
67.05
130.73
55.44
52.58
54.97
55.21
54.17
57.29
61.29
72.32
149.47
64.21
57.95
56.84
50.52
52.36
52.58
57.37
54.79
12.15
157.51
60.42
51.79
54.40
55.03
70.53
51.58
6.00
47.64
63.07
142.93
51.30
46.88
49.22
45.26
55.44
49.22
61.46
82.86
158.12
61.54
65.61
60.21
56.12
55.79
48.45
24.21
57.07
63.95
157.14
17.62
33.33
21.99
21.16
31.94
52.60
44.85
19.90
64.29
13.09
76.56
76.34
50.52
8.33
62.07
156.92
54.97
47.15
53.40
53.93
49.74
43.98
53.06
65.12
152.36
60.10
55.50
52.58
52.85
11.98
56.02
43.30
24.87
57.29
70.59
154.69
48.70
45.03
58.25
42.64
52.06
47.89
61.66
67.65
143.39
33.16
21.47
21.58
31.94
10.77
10.26
20.83
32.28
21.69
32.29
20.94
31.94
10.88
41.12
45.31
32.80
50.78
48.98
49.74
48.96
47.67
75.60
74.07
89.69
115.34
48.96
80.95
53.16
49.22
49.74
68.60
169.63
54.74
48.69
49.22
49.21
58.55
52.60
57.07
72.05
169.90
51.83
47.62
48.72
51.56
56.02
61.98
54.64
77.91
177.32
65.97
57.07
60.10
53.33
73.94
50.25
77.37
67.89
69.61
154.64
53.16
49.74
46.67
48.19
51.03
50.52
53.16
67.43
107.73
50.77
47.64
54.97
56.61
10.94
54.12
22.34
22.28
22.11
52.91
66.49
51.58
75.00
40.84
132.47
29.23
98.96
51.85
55.90
47.96
48.95
65.90
53.59
115.90
83.25
56.32
53.93
54.45
11.46
92.67
59.59
80.75
178.24
60.53
33.33
26.56
104.17
0.52
70.56
45.55
118.58
203.59
56.19
54.40
62.63
69.79
47.96
59.26
58.42
56.15
21.80
225.26
55.61
62.03
46.88
56.77
51.30
55.50
63.87
88.89
133.16
50.78
43.59
73.40
56.99
60.10
59.47
42.93
36.84
55.68
163.92
57.81
58.76
62.50
55.90
10.82
57.59
23.68
11.64
51.56
52.63
83.13
165.13
47.69
49.74
70.05
66.33
70.98
50.79
68.78
68.15
133.50
62.69
10.71
49.74
11.05
54.87
58.64
64.36
7.04
59.38
60.96
65.43
90.26
65.29
314.80
18.75
53.16
46.67
53.09
49.74
53.12
68.62
48.69
64.86
132.47
68.42
75.26
10.82
46.67
10.94
88.60
11.64
43.46
47.67
79.26
129.63
52.06
11.92
42.86
68.78
77.66
60.31
51.58
50.26
40.31
17.53
66.30
136.41
62.18
33.33
16.84
49.75
12.37
35.45
56.61
23.94
53.72
67.96
127.46
53.30
79.79
83.51
58.42
79.58
62.83
82.81
93.83
158.76
17.86
42.78
73.16
87.63
84.46
87.69
87.91
202.08
35.33
55.56
63.21
11.58
86.60
87.77
75.00
39.36
43.52
83.33
138.95
53.09
41.92
81.82
89.67
67.53
56.61
35.98
52.60
81.29
182.35
64.02
8.47
60.41
60.85
55.21
51.30
56.25
12.11
63.80
180.83
77.89
65.62
73.85
56.02
81.82
53.06
63.49
77.54
88.95
40.74
129.38
92.23
94.02
34.95
52.28
84.97
94.54
86.98
89.25
108.02
246.67
95.72
96.28
91.05
89.53
85.43
88.89
90.86
117.72
295.72
76.96
59.59
79.58
82.45
51.55
55.21
79.08
72.07
180.31
91.24
78.97
48.70
56.32
77.44
30.57
83.07
101.82
59.07
48.98
55.56
70.05
70.05
57.95
12.37
6.06
72.40
90.54
205.85
63.35
56.32
48.96
48.95
52.60
56.54
51.56
81.25
193.12
37.50
76.96
55.85
51.31
52.11
49.48
55.03
92.20
245.08
55.73
51.30
71.88
53.93
11.46
6.03
12.00
78.76
64.95
74.58
144.79
58.95
52.11
51.04
51.04
50.78
51.05
17.28
99.46
156.04
56.02
41.18
8.21
48.44
53.12
48.72
49.74
75.88
168.98
65.26
64.02
44.27
17.26
56.77
63.30
64.92
64.92
68.95
64.84
130.16
53.93
47.94
47.64
48.68
47.42
47.92
51.83
75.43
141.36
55.44
47.40
53.12
78.87
43.30
74.07
84.82
78.18
160.21
11.98
69.07
68.82
57.37
57.07
53.12
59.69
79.87
170.98
56.63
71.28
54.17
70.05
54.74
68.56
94.87
195.19
62.89
78.07
65.28
61.38
75.81
60.62
65.45
73.89
186.67
63.87
73.10
55.73
60.51
61.90
55.73
76.44
98.66
198.43
47.96
71.66
67.37
46.84
33.68
20.94
21.28
21.47
54.36
0.53
55.10
103.12
108.63
492.23
76.17
50.26
64.92
68.72
79.46
71.82
132.12
77.60
64.74
66.67
43.30
47.92
73.26
50.26
86.59
159.36
81.87
56.63
10.99
54.17
45.55
82.35
70.47
69.79
72.88
148.94
71.43
75.53
64.29
43.88
64.21
8.50
85.41
60.20
80.87
172.40
58.85
69.15
53.65
85.79
85.26
50.76
79.41
158.95
55.96
52.63
51.31
50.79
41.80
22.16
55.67
64.92
87.36
169.07
75.00
65.13
80.42
68.25
73.06
67.88
70.05
92.49
179.06
67.88
52.91
27.55
66.84
64.40
71.12
51.60
22.56
63.87
30.32
51.52
192.27
80.75
66.14
71.96
67.18
73.54
70.21
60.64
110.62
192.02
1.56
76.68
58.64
67.88
82.80
73.68
73.58
69.68
211.89
70.77
74.74
63.83
7.81
58.33
74.35
77.96
60.99
110.69
73.80
133.50
78.72
67.20
53.68
58.95
58.55
29.10
54.45
6.03
66.49
74.01
190.82
67.55
60.73
62.83
59.79
63.68
61.78
60.20
84.05
290.05
60.21
8.29
64.10
73.68
66.49
61.17
61.38
61.46
25.67
51.10
146.11
66.15
61.78
62.43
61.66
62.50
61.26
63.64
83.80
152.63
74.87
61.34
59.47
58.42
60.85
61.54
59.59
81.18
170.53
30.69
39.09
63.35
8.04
60.73
61.70
61.98
64.92
62.44
55.85
25.14
178.95
14.29
56.63
65.28
50.26
49.74
72.04
63.54
90.60
213.47
30.73
44.33
71.43
70.21
68.21
46.63
46.35
15.71
45.92
88.33
5.08
138.54
76.06
11.28
10.82
61.98
67.91
68.62
0.52
63.54
62.89
61.58
94.05
180.85
66.67
43.15
69.84
60.73
53.09
4.66
49.49
63.68
87.35
189.89
67.37
66.49
57.59
64.77
44.21
66.32
57.44
84.62
192.63
69.11
72.40
72.68
46.84
84.04
29.17
28.06
86.51
278.41
56.54
52.79
51.85
63.73
73.68
64.06
52.63
78.89
147.67
60.21
61.22
54.74
60.31
50.52
50.52
57.73
69.82
148.69
55.73
50.53
54.79
56.02
49.74
80.73
66.67
71.35
168.78
55.73
50.52
49.48
50.53
53.12
62.77
59.69
75.16
179.17
50.78
7.25
51.53
55.03
64.25
59.39
69.57
10.62
194.74
65.98
47.64
21.11
65.46
54.97
59.38
66.84
55.50
98.58
211.98
63.59
48.19
10.77
21.76
22.22
55.26
42.56
11.40
22.63
49.74
22.75
65.62
67.86
115.13
25.00
92.11
102.54
414.77
764.40
60.94
54.97
47.40
62.30
61.29
24.23
130.05
69.39
22.51
22.51
10.82
43.52
18.88
15.26
23.28
34.21
11.06
23.53
23.16
23.16
34.74
23.56
23.04
23.16
23.68
22.87
35.08
23.16
10.77
23.28
23.16
35.45
23.04
23.28
34.95
23.28
35.64
11.40
22.63
34.92
23.28
23.28
23.81
22.68
10.71
23.81
23.44
22.63
22.40
23.81
35.26
47.67
70.77
69.68
0.52
81.58
30.41
68.28
129.84
56.77
51.04
50.52
76.44
25.51
51.03
51.58
6.50
13.07
2.50
1.51
63.44
123.47
55.96
49.74
48.97
50.26
50.26
50.26
49.74
59.68
119.27
57.07
46.60
4.08
50.26
50.79
66.50
6.50
12.06
18.50
2.49
3.52
4.00
3.31
