0.14
764.97
814.14
820.92
855.90
895.90
925.26
972.92
1050.52
1077.32
1084.77
4.76
1380.50
126.90
1253.80
1198.28
135.20
1222.96
1258.97
1391.16
4.97
1310.77
838.07
574.62
1603.59
1409.18
1607.18
1538.97
921.20
718.97
1882.56
1894.35
2011.56
1868.75
1955.91
2506.82
215.66
1956.70
1959.69
1993.33
2411.04
2090.53
2071.13
2137.37
9.38
2110.31
2139.69
2162.37
2243.39
2232.29
2230.93
2242.56
2312.57
6.19
29.38
50.52
70.10
87.31
4.17
111.92
48.15
84.26
153.06
174.87
66.13
131.31
220.10
245.83
263.27
293.68
308.21
331.28
349.24
382.20
170.33
237.24
425.52
446.63
462.24
494.27
150.80
358.59
539.58
564.40
587.43
606.77
646.52
635.03
653.54
686.15
722.51
741.67
751.28
785.42
791.84
822.16
836.22
863.59
908.42
983.89
937.11
970.92
305.08
715.23
1032.64
1046.15
1085.86
4.06
1090.26
1241.38
6.53
1095.86
185.79
1258.10
5.05
1177.04
1229.23
1264.25
1279.38
1295.90
1325.26
1342.56
718.39
719.39
1380.10
664.07
838.27
243.92
1240.82
1441.62
1477.95
1509.28
2633.79
1885.13
6.25
27.55
68.59
86.98
127.92
152.33
175.92
197.38
215.98
240.62
274.46
276.26
326.15
350.26
372.54
398.43
420.94
437.63
463.54
475.51
502.06
521.54
551.56
568.56
451.10
165.31
631.38
628.06
666.49
665.66
298.91
415.38
723.20
6.15
29.02
49.48
70.53
89.06
110.94
132.81
152.04
177.08
193.43
226.46
251.87
270.68
284.69
323.24
330.41
365.24
378.65
404.21
419.17
440.41
459.28
484.90
502.58
516.24
549.22
356.35
230.81
579.70
608.72
631.44
1676.22
6.12
28.35
49.48
67.71
50.81
35.86
104.57
4.15
124.75
150.26
60.53
108.00
194.76
216.15
236.08
259.07
276.92
308.85
319.10
351.56
371.50
387.24
404.55
455.14
459.07
474.87
506.28
523.83
544.56
573.30
590.67
630.26
701.04
724.35
809.90
506.55
409.60
894.82
935.57
996.86
1066.31
1052.55
1413.61
1147.45
9.09
32.82
5.79
126.42
190.82
269.63
359.69
415.82
483.16
48.70
95.31
142.78
222.40
417.89
456.41
1102.30
10.42
26.42
64.02
1.05
173.80
261.86
368.06
449.74
538.14
598.96
222.80
442.42
720.30
806.19
2236.65
48.13
109.95
214.06
317.71
391.24
464.29
550.78
3.11
466.49
207.54
766.32
852.82
970.16
82.11
180.32
278.31
371.43
420.51
504.08
2.08
617.71
693.26
768.21
1895.41
78.31
121.47
42.42
242.11
345.60
398.97
483.94
560.51
669.47
746.43
851.56
918.56
47.67
916.08
5715.34
1767.69
56.12
1.05
113.30
76.53
118.13
166.15
68.23
0.53
155.05
55.14
151.01
201.56
251.85
209.60
234.87
274.23
277.37
284.38
285.34
1092.14
422.84
0.53
1.05
89.36
0.53
0.53
138.30
13.61
16.67
133.33
0.53
163.02
218.65
230.37
258.25
317.80
319.07
321.21
1040.21
48.47
78.42
153.65
1.56
208.51
248.72
97.44
211.22
0.53
310.88
330.26
298.43
220.83
97.45
1.57
300.51
405.13
355.38
396.76
1364.74
4.50
13.33
17.10
31.25
34.90
49.74
52.36
66.15
69.43
84.02
85.20
101.52
107.25
125.79
123.98
145.31
0.53
148.69
165.62
163.96
185.64
187.11
210.53
205.10
227.32
229.69
247.94
182.29
68.21
270.77
268.88
639.46
86.29
11.44
106.32
37.06
137.57
48.74
3.68
261.70
17.50
335.03
392.19
435.38
10.15
8.42
523.08
544.39
604.17
1289.74
30.10
83.16
111.73
145.36
170.83
241.84
22.05
71.58
115.71
237.44
334.38
304.06
379.49
14.21
405.70
334.55
107.61
453.97
970.05
91.01
0.53
192.51
246.88
297.89
337.95
7.22
397.87
428.80
493.19
3.68
550.77
3813.33
2525.26
8.42
3.66
55.38
43.98
2.11
5.15
92.78
70.05
73.44
102.59
0.53
3.12
144.79
163.16
185.57
35.60
191.53
184.90
203.11
233.33
80.21
159.79
58.46
169.74
251.81
258.25
279.59
311.05
6.35
3.72
2.59
2.55
389.30
319.15
330.93
318.27
327.32
1710.31
9.09
51.30
8.51
84.38
68.95
2.66
88.54
123.68
150.26
8.42
172.77
147.12
207.65
15.10
10.75
245.13
202.09
223.44
248.15
188.89
68.56
15.87
306.28
294.90
316.49
19.68
7.37
2.11
136.60
197.42
2.58
244.85
286.15
4.19
348.70
4.06
419.76
706.19
3.33
70.98
3.72
171.13
256.92
1.07
8.67
0.52
0.53
362.94
1923.47
3.19
25.77
2.63
53.97
11.70
85.64
68.91
12.44
59.28
13.09
8.33
6.17
272.16
3.68
54.84
50.78
3.16
73.33
39.56
3.01
408.85
35.87
20.20
57.98
4.69
294.74
16.84
15.51
57.61
304.28
0.51
359.07
4.21
5.64
3.21
6.42
3.31
111.11
79.90
63.21
97.28
37.63
38.58
62.18
98.36
71.35
60.22
13.58
801.03
83.96
73.40
87.37
90.58
71.86
73.54
76.34
74.68
1234.22
1.05
12.04
22.87
14.29
255.96
65.46
14.87
11.28
2.42
469.79
28.88
24.60
2.08
543.62
491.01
1015.54
20.83
23.32
2.58
135.42
203.85
255.08
101.59
145.03
5.15
3.70
41.88
304.71
321.76
4.26
1.52
1.03
439.04
8.02
4.84
476.41
5.08
2.09
576.96
3.74
2.11
7.91
3090.67
1.55
4.10
9.73
87.56
8.85
1.06
4.28
6.70
135.83
10.88
5.18
3.12
147.87
6.91
16.22
179.69
1.60
219.47
229.38
0.53
4.76
0.53
6.74
5.08
6.36
321.99
16.40
0.53
2.67
7.98
345.36
7.49
4.76
2.05
7.41
3.19
10.62
426.06
7.25
2.07
18.28
6.84
9.33
2.66
5.13
467.03
10.82
4.69
7.33
11.29
13.21
365.24
174.62
6.38
4.12
460.20
1336.32
2.05
2.11
126.42
142.11
5.88
281.05
286.32
4.84
11.28
744.04
4.23
5.32
1.54
92.71
10.64
0.53
2.13
4.76
271.28
1.06
390.43
494.21
8.85
2.06
1209.09
5.26
84.97
178.53
16.15
293.12
360.94
463.68
1.57
2.04
592.71
2.08
3.06
4596.59
5352.88
5.38
11.40
2.56
5.85
64.92
42.86
44.79
2.54
15.50
